<!DOCTYPE html>
<html lang="en">
<head>
	<meta charset="UTF-8">
    <meta name="viewport" content="width=device-width, initial-scale=1.0">
	<title>Correlation Matrix</title>
    <link rel="stylesheet" type="text/css" href="style.css"/>
    <script type="text/javascript" src="https://cdnjs.cloudflare.com/ajax/libs/d3/3.5.17/d3.min.js"></script>
</head>
<body>
	<!--Source : https://bl.ocks.org/arpitnarechania/caeba2e6579900ea12cb2a4eb157ce74-->
    <div style="display:inline-block;" id="legend"></div>
    <div style="display:inline-block; float:left" id="container"></div>
	<script src="main.js"></script>

	<script>

    var correlationMatrix = [[100, 64, 28, 23, 14, 12, 10, 10, 9, 6, 5, 3, 2, -1, -1, -4, -5, -7, -7, -17, -50], [64, 100, 36, 12, 16, 11, 6, 16, 5, 2, 12, 4, 19, 12, -3, -4, -3, 8, 8, 12, -46], [28, 36, 100, 1, 13, 18, -1, 3, -2, 8, 17, 6, 34, 27, -1, -1, -5, 10, 6, 6, -31], [23, 12, 1, 100, -6, 25, 57, 59, 56, 16, 12, 6, -3, -3, -9, -26, -2, 16, 22, 4, -18], [14, 16, 13, -6, 100, -12, -1, -9, 0, -11, 12, 3, 0, 3, 15, 20, 5, -4, -4, -17, -19], [12, 11, 18, 25, -12, 100, 8, 16, 8, 36, 9, 10, 26, 8, 12, -33, -1, 13, 10, 0, -14], [10, 6, -1, 57, -1, 8, 100, -3, 100, 2, 14, -7, 5, -6, 2, -16, -2, 13, 20, -2, -8], [10, 16, 3, 59, -9, 16, -3, 100, -4, 19, -3, 2, 5, -2, -20, -19, -1, 1, 2, 15, -10], [9, 5, -2, 56, 0, 8, 100, -4, 100, 1, 13, -8, 5, -7, 2, -15, -2, 13, 21, -1, -6], [6, 2, 8, 16, -11, 36, 2, 19, 1, 100, 14, 10, 5, 7, -9, -40, -4, 2, -1, -13, -9], [5, 12, 17, 12, 12, 9, 14, -3, 13, 14, 100, 0, 4, 13, -3, 0, 3, 3, 4, 3, -14], [3, 4, 6, 6, 3, 10, -7, 2, -8, 10, 0, 100, 15, 14, -1, -17, 4, 38, 1, 3, -10], [2, 19, 34, -3, 0, 26, 5, 5, 5, 5, 4, 15, 100, 8, 1, -2, 0, 11, 4, 3, -22], [-1, 12, 27, -3, 3, 8, -6, -2, -7, 7, 13, 14, 8, 100, -14, -23, 15, 21, 16, 0, -20], [-1, -3, -1, -9, 15, 12, 2, -20, 2, -9, -3, -1, 1, -14, 100, 12, 4, -6, -8, -2, -9], [-4, -4, -1, -26, 20, -33, -16, -19, -15, -40, 0, -17, -2, -23, 12, 100, -10, -19, -15, -9, 3], [-5, -3, -5, -2, 5, -1, -2, -1, -2, -4, 3, 4, 0, 15, 4, -10, 100, 12, 11, 1, 8], [-7, 8, 10, 16, -4, 13, 13, 1, 13, 2, 3, 38, 11, 21, -6, -19, 12, 100, 93, 26, -5], [-7, 8, 6, 22, -4, 10, 20, 2, 21, -1, 4, 1, 4, 16, -8, -15, 11, 93, 100, 27, -2], [-17, 12, 6, 4, -17, 0, -2, 15, -1, -13, 3, 3, 3, 0, -2, -9, 1, 26, 27, 100, 6], [-50, -46, -31, -18, -19, -14, -8, -10, -6, -9, -14, -10, -22, -20, -9, 3, 8, -5, -2, 6, 100]];

    /*<div><object data="../../Analyse-AdopteUnMec/Pickles/corr_mat_columns.txt"></object></div>*/
		var labels = ['charmes', 'mails', 'paniers', 'nbFautes', 'age', 'piercing', 'nbMots_description', 'pctFautes', 'long_description', 'tatouage', 'lunettes', 'taille', 'a_redoublé', 'est_de_nuit', 'nb_series_communes', 'label', 'distanceToMe', 'poids', 'IMC', 'accessibilité', 'identifiant']



    Matrix({
        container : '#container',
        data      : correlationMatrix,
        labels    : labels,
        start_color : '#FBFBEF',
        end_color : '#EF78A1'
    });

</script>
</body>
